[Wp0]
Loc=Qr
Name=Qr1-one
Lat=51.593568734471624
Long=9.895914981396029
Rng=0.000000000000000
Bear=0.000000000000000
Bmp=3
Fixed=1
Locked=0
Notes=notes-1
Rel=
RelSet=1
RcCount=1
RcRadius=0.000000000000000
Show=0
RcShow=0
SeaTemp=-32678.000000000000000
Depth=65535.000000000000000
Time=39027.880335648151000
GUID=41847-17743-33206-33476
[Wp1]
Loc=Qr
Name=Qr,2
Lat=50.833425047658316
Long=10.364770733812209
Rng=0.000000000000000
Bear=0.000000000000000
Bmp=4
Fixed=1
Locked=0
Notes=notes-2
Rel=
RelSet=1
RcCount=1
RcRadius=0.000000000000000
Show=0
RcShow=0
SeaTemp=-32678.000000000000000
Depth=65535.000000000000000
Time=39027.880347222221000
GUID=41847-17743-33462-33476
[Wp2]
Loc=Qr
Name=Qr3
Lat=50.184475273537196
Long=10.557828984807108
Rng=0.000000000000000
Bear=0.000000000000000
Bmp=5
Fixed=1
Locked=0
Notes=notes-3
Rel=
RelSet=1
RcCount=1
RcRadius=0.000000000000000
Show=0
RcShow=0
SeaTemp=-32678.000000000000000
Depth=65535.000000000000000
Time=39027.880347222221000
GUID=41847-17743-33718-33476
[Wp3]
Loc=Qr
Name=Qr4-four
Lat=48.986577919201942
Long=12.047135492482036
Rng=0.000000000000000
Bear=0.000000000000000
Bmp=6
Fixed=1
Locked=0
Notes=notes-4
Rel=
RelSet=1
RcCount=1
RcRadius=0.000000000000000
Show=0
RcShow=0
SeaTemp=-32678.000000000000000
Depth=65535.000000000000000
Time=39027.880347222221000
GUID=41847-17743-33974-33476
[Wp4]
Loc=Qr
Name=Qr5
Lat=48.623286046917791
Long=12.598730495324602
Rng=0.000000000000000
Bear=0.000000000000000
Bmp=7
Fixed=1
Locked=0
Notes=notes-5
Rel=
RelSet=1
RcCount=1
RcRadius=0.000000000000000
Show=0
RcShow=0
SeaTemp=-32678.000000000000000
Depth=65535.000000000000000
Time=39027.880358796298000
GUID=41847-17743-34230-33476
[Rt0]
Name=Qr
Visible=0
Guid=41847-17743-32950-33476
Mk0=Qr1-one
Cog0=0.000000000000000
Eta0=0.000000000000000
Length0=0.000000000000000
PredictedDrift0=0.000000000000000
PredictedSet0=0.000000000000000
PredictedSog0=0.000000000000000
PredictedTime0=0.000000000000000
PredictedTwa0=0.000000000000000
PredictedTwd0=0.000000000000000
PredictedTws0=0.000000000000000
Mk1=Qr,2
Cog1=0.000000000000000
Eta1=0.000000000000000
Length1=0.000000000000000
PredictedDrift1=0.000000000000000
PredictedSet1=0.000000000000000
PredictedSog1=0.000000000000000
PredictedTime1=0.000000000000000
PredictedTwa1=0.000000000000000
PredictedTwd1=0.000000000000000
PredictedTws1=0.000000000000000
Mk2=Qr3
Cog2=0.000000000000000
Eta2=0.000000000000000
Length2=0.000000000000000
PredictedDrift2=0.000000000000000
PredictedSet2=0.000000000000000
PredictedSog2=0.000000000000000
PredictedTime2=0.000000000000000
PredictedTwa2=0.000000000000000
PredictedTwd2=0.000000000000000
PredictedTws2=0.000000000000000
Mk3=Qr4-four
Cog3=0.000000000000000
Eta3=0.000000000000000
Length3=0.000000000000000
PredictedDrift3=0.000000000000000
PredictedSet3=0.000000000000000
PredictedSog3=0.000000000000000
PredictedTime3=0.000000000000000
PredictedTwa3=0.000000000000000
PredictedTwd3=0.000000000000000
PredictedTws3=0.000000000000000
Mk4=Qr5
Cog4=0.000000000000000
Eta4=0.000000000000000
Length4=0.000000000000000
PredictedDrift4=0.000000000000000
PredictedSet4=0.000000000000000
PredictedSog4=0.000000000000000
PredictedTime4=0.000000000000000
PredictedTwa4=0.000000000000000
PredictedTwd4=0.000000000000000
PredictedTws4=0.000000000000000
